2 0.482398 0.700743 0.097831 0.145878 0.89229
2 0.43968 0.551955 0.0838884 0.103326 0.853416
2 0.540204 0.553144 0.0792568 0.0985909 0.85256
2 0.0693587 0.485457 0.0878835 0.0877754 0.771109
2 0.898402 0.495493 0.0946347 0.091694 0.733837
6 0.47723 0.844839 0.0218696 0.067861 0.477165
6 0.542426 0.843551 0.0224682 0.0703727 0.352975
6 0.408903 0.82683 0.0159882 0.0404807 0.349296
6 0.448064 0.830135 0.021021 0.0376801 0.337633
6 0.44843 0.84734 0.0227089 0.071343 0.327848
6 0.510796 0.837002 0.0246925 0.0884907 0.29891
6 0.449174 0.809342 0.0205153 0.0496097 0.27233
