2 0.557042 0.549962 0.0648392 0.1498 0.875391
2 0.565144 0.317425 0.068582 0.157597 0.86526
2 0.640812 0.488846 0.0669465 0.20267 0.864238
2 0.162209 0.335563 0.172344 0.188811 0.856191
2 0.733549 0.468196 0.0752585 0.179415 0.855814
2 0.462075 0.760462 0.0624943 0.154977 0.85494
2 0.719286 0.733383 0.0733475 0.175493 0.848816
2 0.652235 0.141987 0.0673565 0.189854 0.84846
2 0.629265 0.763337 0.0661034 0.202855 0.847234
2 0.46092 0.553294 0.0663389 0.150331 0.843745
2 0.549045 0.753441 0.0639437 0.146196 0.841492
2 0.45998 0.322619 0.0667463 0.155613 0.839929
2 0.829525 0.769337 0.0766128 0.226274 0.792329
2 0.331222 0.787754 0.0687298 0.212307 0.704009
2 0.211245 0.578806 0.0855351 0.193189 0.500074
2 0.205302 0.807263 0.0709751 0.246935 0.49586
