2 0.80481 0.722365 0.364153 0.239863 0.898917
2 0.414297 0.874645 0.434141 0.250398 0.888376
2 0.731395 0.507446 0.097315 0.0620298 0.840339
2 0.780171 0.398057 0.0932089 0.057094 0.820835
2 0.186076 0.334932 0.0936369 0.05882 0.820468
2 0.543821 0.627129 0.102573 0.061515 0.81972
2 0.864572 0.244889 0.0869362 0.0596681 0.810919
2 0.0566967 0.450589 0.0983208 0.0579318 0.810128
2 0.336629 0.202538 0.0861783 0.0590893 0.775705
2 0.625971 0.696287 0.098914 0.0574993 0.655972
2 0.568428 0.772208 0.112187 0.0647667 0.579542
