2 0.392677 0.245046 0.162025 0.0876224 0.892214
2 0.403726 0.546956 0.186862 0.13256 0.838073
6 0.89244 0.640562 0.0214478 0.068633 0.725484
2 0.815008 0.450701 0.118693 0.083907 0.724378
6 0.86757 0.626645 0.0187263 0.0599794 0.710693
2 0.0733102 0.092317 0.106575 0.0793289 0.708908
2 0.123696 0.174102 0.117869 0.088472 0.671115
6 0.808884 0.610065 0.021171 0.0632789 0.661204
6 0.750706 0.90699 0.0233744 0.0731666 0.622645
2 0.932731 0.55087 0.122011 0.0924258 0.607429
6 0.931256 0.724327 0.0222912 0.0725328 0.593746
6 0.634775 0.552485 0.0216415 0.0635511 0.578847
6 0.420836 0.822643 0.0208463 0.0736201 0.574681
6 0.678666 0.884066 0.0247185 0.0778047 0.573977
6 0.722578 0.585365 0.018574 0.0591637 0.57052
6 0.786279 0.587003 0.0183211 0.0619576 0.557537
6 0.680256 0.555559 0.0201347 0.0569956 0.545155
4 0.831416 0.533492 0.0959836 0.0814516 0.516459
6 0.9788 0.962637 0.0259286 0.0683978 0.516095
6 0.295463 0.817221 0.0295643 0.0762326 0.494192
6 0.46062 0.508596 0.0190239 0.059279 0.437479
6 0.223384 0.796198 0.0212094 0.0727855 0.433698
6 0.706614 0.56602 0.0169676 0.0610757 0.422585
6 0.543437 0.499012 0.0229214 0.0638378 0.403728
4 0.123994 0.17334 0.117574 0.0877949 0.365716
6 0.380484 0.470133 0.0208799 0.0642563 0.332747
6 0.549533 0.496907 0.0224184 0.0675024 0.32055
6 0.983746 0.760415 0.0296152 0.0511409 0.319341
6 0.422031 0.472188 0.0130842 0.0486926 0.316706
6 0.677107 0.555466 0.0210419 0.0611528 0.296386
6 0.384639 0.464288 0.0191385 0.0563444 0.277163
4 0.933402 0.551019 0.118102 0.0898408 0.25624
