2 0.681223 0.536725 0.108943 0.0701663 0.819023
2 0.776982 0.288859 0.140253 0.0788104 0.818135
2 0.49576 0.752995 0.310427 0.266421 0.805835
2 0.434265 0.516241 0.093728 0.0654415 0.790573
2 0.248516 0.504871 0.0873254 0.05487 0.732839
4 0.510437 0.495456 0.083089 0.0688313 0.707387
2 0.354764 0.281526 0.048942 0.0395235 0.704939
2 0.84084 0.197118 0.0477579 0.0341841 0.672971
2 0.114239 0.442937 0.0768055 0.0519259 0.627333
4 0.610527 0.292958 0.0522556 0.044712 0.622797
6 0.565344 0.770121 0.0356917 0.14318 0.615615
4 0.525169 0.310934 0.0443558 0.0486113 0.608034
2 0.010932 0.558082 0.021864 0.0673287 0.597399
2 0.487555 0.244481 0.0304266 0.0331495 0.585696
2 0.0536969 0.455324 0.0529812 0.0314993 0.584924
2 0.277063 0.0987395 0.0440896 0.0253113 0.457768
2 0.42257 0.0944823 0.0499478 0.0298735 0.415162
6 0.45601 0.818447 0.0387242 0.154515 0.395336
6 0.400821 0.703266 0.0258204 0.129038 0.390828
4 0.677005 0.259596 0.029719 0.0470045 0.298026
2 0.231376 0.414622 0.0665829 0.0461477 0.286898
4 0.741043 0.230411 0.0386227 0.039496 0.268899
6 0.453066 0.691166 0.0406858 0.10604 0.255742
