2 0.746238 0.60897 0.235517 0.236541 0.859968
2 0.288629 0.121487 0.0994472 0.109052 0.764654
2 0.433928 0.266592 0.131745 0.141714 0.60839
6 0.296168 0.905459 0.0530539 0.146596 0.526733
6 0.324507 0.838707 0.0567806 0.190901 0.422906
6 0.46795 0.543553 0.025795 0.0876798 0.379385
6 0.36318 0.833771 0.0441305 0.125916 0.365954
6 0.329765 0.879945 0.0530979 0.14381 0.363086
6 0.478453 0.379769 0.0326508 0.114918 0.34126
6 0.315403 0.799443 0.0394994 0.110088 0.298919
6 0.316378 0.827381 0.0433015 0.168664 0.295826
6 0.383914 0.744717 0.0430154 0.122725 0.289113
6 0.292021 0.89162 0.045151 0.125673 0.282262
6 0.458596 0.435548 0.027656 0.0778967 0.272193
6 0.34886 0.721167 0.0276451 0.0873821 0.268734
6 0.28923 0.878834 0.0386311 0.0996365 0.267846
6 0.461377 0.169601 0.0184772 0.0608668 0.259543
6 0.229594 0.931024 0.0759198 0.133407 0.257083
6 0.312785 0.792084 0.0324322 0.0929321 0.25637
