10 0.242488 0.254492 0.383897 0.176052 0.935786
10 0.855509 0.590222 0.196341 0.0784657 0.899479
10 0.647005 0.26789 0.124478 0.0478914 0.84305
10 0.681352 0.490044 0.170481 0.0742492 0.828776
10 0.871253 0.183944 0.139829 0.0606215 0.802123
10 0.536871 0.402899 0.164346 0.0638829 0.796652
10 0.789366 0.482529 0.127635 0.06173 0.783152
10 0.554548 0.2366 0.135331 0.0522028 0.777723
10 0.459106 0.175247 0.0981481 0.0474945 0.756781
10 0.646909 0.400925 0.123764 0.0621766 0.743672
10 0.533176 0.187127 0.108218 0.0500647 0.60695
10 0.584039 0.198841 0.12623 0.048238 0.563138
10 0.568382 0.190279 0.16119 0.0550574 0.292155
