10 0.517129 0.82848 0.11952 0.0987764 0.916736
10 0.768317 0.581261 0.0676426 0.104161 0.914885
10 0.647773 0.683274 0.0644469 0.0953529 0.907544
10 0.849677 0.701458 0.0658188 0.0903497 0.903903
10 0.370048 0.723926 0.0668826 0.0934059 0.902663
10 0.246554 0.599261 0.0696954 0.100977 0.898
10 0.131816 0.764346 0.0698015 0.0903825 0.895976
10 0.658925 0.429431 0.0706345 0.0925785 0.889149
10 0.512642 0.558994 0.0683308 0.100121 0.888602
10 0.352378 0.44617 0.0702227 0.0947524 0.885087
10 0.513033 0.244241 0.132883 0.110557 0.853272
